int array[12][12] = {
    {12, 34, 45, 23, 56, 78, 89, 90, 11, 23, 67, 45},
    {67, 89, 12, 45, 23, 78, 56, 34, 23, 90, 12, 89},
    {45, 23, 67, 12, 89, 90, 34, 78, 11, 23, 56, 67},
    {89, 90, 12, 34, 23, 67, 78, 45, 67, 23, 90, 56},
    {23, 12, 56, 78, 45, 34, 89, 67, 12, 23, 78, 90},
    {78, 23, 12, 45, 34, 56, 89, 67, 90, 78, 12, 23},
    {90, 12, 67, 34, 78, 45, 56, 89, 23, 12, 67, 78},
    {56, 78, 23, 90, 12, 67, 34, 45, 89, 12, 23, 34},
    {23, 67, 90, 12, 56, 45, 78, 89, 12, 23, 67, 90},
    {12, 45, 23, 78, 67, 34, 90, 56, 89, 12, 45, 23},
    {45, 67, 78, 34, 12, 23, 89, 90, 67, 78, 12, 56},
    {78, 12, 90, 67, 23, 56, 45, 89, 34, 23, 12, 78}
};